6140
17174
12249
23757
999
11687
6249
4240
28038
31313
19742
31899
31779
639
5058
6501
10473
29445
23788
28660
2131
16318
31001
19107
18404
31347
9214
25378
13337
4351
23069
12734
23196
14001
11415
16867
7354
31986
1857
12255
17943
24360
7417
13288
31648
17882
28219
24161
5826
17684
7663
26969
16601
6669
2181
17237
25324
11271
20804
14159
15767
5239
23007
22014
15688
29286
22602
1112
24239
3351
32459
21334
14191
2538
27220
1271
30490
14720
19216
25223
29788
16416
31548
18465
6774
7513
30776
2419
19182
22249
29150
5057
1925
19166
25618
28972
30826
27899
28314
4405
8877
29533
24369
31357
25334
13919
8662
18894
119
18362
2922
8799
27679
1265
12922
29524
17
10476
19034
13957
21332
8418
13427
3200
30156
10365
15325
22993
10345
28985
12081
18817
26014
22798
19608
22748
19989
29774
13352
20599
19873
28368
21617
20082
3188
2126
1362
17915
146
12300
17682
6163
13189
954
19371
10645
4178
13724
26729
6772
19885
7656
23988
580
18537
31600
12074
22012
25138
10112
5618
23290
14462
16650
3916
19271
18369
4864
14700
3869
20192
14850
29320
12198
1769
19769
28208
26375
769
3715
13534
29085
19614
26064
16846
1158
4086
11212
13071
3428
27831
1982
16347
8029
16120
25775
26916
12647
29807
16848
6255
4546
16869
25110
8421
12997
19688
7975
22183
13534
7616
25465
12387
20949
28068
4024
10021
3408
9517
20329
18543
20124
7946
8398
11915
18346
758
5129
21280
19800
19687
1411
28676
1266
21640
22415
25169
2809
26858
28491
17339
30499
21622
30919
11808
24994
23847
13930
23905
19881
5366
24465
9073
7469
3733
21112
25259
29161
19039
7518
617
8100
28560
8932
4562
5046
9649
23991
3315
21961
8791
1902
30738
1501
16141
9910
17726
31631
11151
18604
14379
27290
4153
27018
15421
12446
13502
20614
24803
12320
32541
25335
28710
23762
24273
12986
21378
23829
30792
19412
15092
25789
9367
1368
14932
11540
6508
22924
20709
11809
19780
2375
3883
32042
27614
3741
20220
29815
28399
8894
12762
2137
12055
23324
22912
28011
276
8652
3771
29720
13110
3375
19067
15709
32530
23249
21802
11472
17275
4497
28732
15330
6830
3843
15880
4705
8397
1042
23510
2113
32399
9450
25145
29851
3125
4117
16287
28150
8384
12515
8486
24518
24929
8464
23985
6450
9521
19873
5948
14618
16674
25359
1644
7001
20533
17575
9322
11079
19438
4913
9970
16258
2310
1744
679
25327
27743
8233
26538
12027
27709
29895
27754
6951
12722
6846
23230
26051
28250
30607
21297
31225
14921
30284
15004
30478
3650
26877
9723
15589
11817
6465
14457
8645
6075
19513
10189
13659
18813
15777
23241
13571
30194
22080
22064
5443
30481
8579
27593
17560
5622
18021
24497
2934
31448
1937
30709
11658
22843
3787
10848
12354
11367
1932
23698
27279
6168
19692
27218
16874
16759
11973
26150
14485
13385
4630
18464
12579
10343
28837
32506
2874
15214
31721
5990
32152
29367
26406
28063
20820
6538
7386
7492
25190
20366
25432
9062
2410
23428
13491
26336
21153
5685
19933
6886
9785
425
14608
12257
17870
24730
22381
18042
17200
25128
11748
22773
21607
13775
31059
3777
10484
7061
19954
28237
9306
17544
17902
24861
8669
5991
852
15900
9610
11680
2353
20020
7799
7290
12280
32540
7756
24212
14627
14449
10754
29070
17949
1801
2027
31750
13920
4740
12019
4038
12506
4387
15141
23611
23702
11742
2929
25898
3224
5296
27820
4510
25353
6454
30168
10021
12180
11128
31142
1339
3343
3847
12601
13575
606
2120
1069
8517
10900
29711
4568
2692
10332
32111
24527
2961
26776
26065
20908
16947
30791
4932
19983
28696
29100
22804
13539
10256
17581
11934
2787
23417
24185
18530
32348
23546
29805
18266
10548
9589
30265
29323
13355
1078
27454
11993
16225
27505
16187
10527
13337
4075
16937
26239
25532
6903
24419
12023
6177
2468
20490
1589
30987
3125
19624
9901
27379
31185
531
13032
19208
11388
19861
4383
11381
22854
1097
9480
31458
14530
18888
23536
9789
5050
14853
16138
15290
2081
27254
7
4120
6729
1653
13286
24359
26199
2789
12302
1159
1523
25880
15770
12722
32324
30960
5876
17724
18971
21061
25509
10074
21614
1415
9835
20386
30473
933
20876
22545
20864
25901
30059
16722
3176
28852
15705
19517
23750
24696
11949
3231
23496
11076
24087
6457
1715
21652
3889
32011
31517
2042
29271
19922
17244
960
29881
3023
18238
5839
22190
11978
13563
13775
31820
1111
30311
27536
11317
17240
1644
10409
12467
30915
15032
13919
3848
12709
21939
20680
18687
1639
29876
11312
23751
27472
11892
27067
30465
27212
30147
16204
2840
10732
5241
22182
17873
26029
21168
10193
3619
15229
7728
21184
2120
29307
17963
15408
20244
7935
7979
29139
22406
18394
9032
6574
12957
28895
25246
28863
8556
11938
22526
7396
12145
10111
30180
22008
18211
9694
32681
10815
29898
8118
762
25092
19347
22352
1417
18048
8420
31054
15106
20478
4589
23531
22337
32573
1920
17284
20674
26134
11298
20568
10073
9054
2146
31116
803
22030
14697
14706
16316
19361
30163
20234
14258
28094
21693
14537
25658
13079
2847
19610
9506
6033
4957
4387
17671
24485
29464
15433
3528
11014
4938
31478
314
6788
24210
26137
2590
3376
6604
18671
14672
14529
10981
7298
25409
8502
16877
23663
12710
13245
6254
6379
32114
2260
15101
27144
1282
4526
4366
10293
21144
13528
5901
3588
26379
7708
32426
10033
31933
17830
10612
12511
30412
29285
12713
20260
20621
15284
30028
15304
8502
20026
22393
21066
2010
30734
11254
7460
5019
16415
266
18512
31771
3284
15250
7435
15923
7663
14673
27353
28904
23991
28040
457
26266
19798
11206
8698
28287
4224
5378
1118
19024
23637
23271
24766
11330
19849
19823
5375
20792
27074
26291
20899
2871
20545
18690
28563
20506
24005
25392
21275
8327
18348
12080
54
23329
29276
16101
17420
20479
1761
2870
6073
10334
3031
14689
8272
30354
1419
19089
28703
579
24925
27058
27957
9429
12393
19332
290
18984
30054
21742
30206
27010
2509
31638
9389
2761
24126
5294
22624
11254
6689
1553
2911
6854
24201
3470
24839
5810
12381
4739
270
20258
19897
13742
14351
4574
29330
4929
322
15813
20633
27444
23946
19905
15970
9183
7094
4090
25030
23240
30208
23882
22918
30650
10458
25842
10800
30231
26347
24715
29255
22638
20052
17471
10654
31312
17207
16184
28677
13408
21370
8281
12071
1706
1992
29484
5043
15670
17881
26908
8634
17116
10228
25317
26713
5721
28082
11848
6295
5539
27140
19459
912
4986
4727
20992
17364
27456
5047
15821
5642
1802
3922
19276
9433
3063
26303
9132
19464
8385
14239
30871
5859
657
27970
24493
32225
23576
2925
562
10117
4827
5723
29955
12418
32462
15361
19663
16162
16421
8855
17027
26088
10087
83
31750
6517
25540
24696
19751
15784
27560
14735
1236
3593
21392
14580
6796
25960
1821
26517
20502
10433
6246
3063
7028
22883
6547
28026
27923
4689
13480
23773
9796
29929
30110
9732
21488
18627
31416
20217
390
21212
32532
18482
14393
10228
29569
29202
32361
32308
6544
7089
27486
16916
21742
24288
9020
29308
9968
32104
20275
2089
2160
9107
26103
27731
5592
13294
22640
17037
16764
76
30386
2540
45
5134
8495
22891
9226
29602
6699
15246
22938
30026
2929
27974
31512
5919
5189
1045
11790
30293
29593
16242
32550
19392
8836
2415
28732
4503
29423
27289
11447
13945
1682
29984
22554
429
12831
27448
10966
3246
8380
9406
20835
30183
19383
30751
16782
12475
6773
10870
31253
5832
16044
10996
24689
7789
8402
7557
12531
23177
28886
30896
13586
10118
12045
15039
13316
10647
16751
31265
20875
61
26883
21772
20242
21264
11160
1127
25336
7100
1462
5606
6700
20810
30932
4471
30714
22689
18891
3549
18468
24140
907
30874
22325
32125
4621
5395
1298
22610
2441
30447
26066
1368
28136
31680
25807
30286
3708
2021
7677
15403
18927
2735
24955
19554
20089
3522
5480
11108
10838
21438
27128
8294
16504
18975
5063
22117
30073
21090
109
3688
10451
9834
14674
18182
20051
23585
26820
32039
15307
19554
13638
27151
32520
24855
26411
25240
20483
3742
3172
15294
29531
31858
3735
22625
8451
8455
28529
17479
17208
21749
7996
97
8631
8537
8628
25679
19756
19832
29974
14629
24301
28582
28539
29040
24808
1383
1636
8820
29147
22227
13462
8888
31171
10559
29224
29125
662
1305
29402
19754
2356
4884
7848
5827
23195
21637
30879
28731
20827
15117
26608
12240
1867
25465
5955
4694
20345
30694
24141
20095
3175
32041
27045
27993
13940
3950
5331
3096
9880
21022
10922
27414
31060
5895
32729
28184
7657
183
7100
29139
26057
9256
25464
6831
10315
28067
31558
202
20130
19678
21007
23872
23568
27752
2874
7338
18007
30790
15042
31460
12913
14303
10123
3092
27008
32533
2038
22247
6664
15029
27827
25630
14684
7185
19926
26442
6486
10219
28205
25811
1611
11413
2257
31039
318
25431
31996
9649
27220
16657
27674
17840
12168
14881
32291
4650
21408
32135
16423
21945
24928
27463
20779
13860
7933
18959
20787
14121
5589
26
18080
23162
16988
21332
28092
261
90
29887
9876
29048
1876
23317
29958
10245
2887
12463
18202
21347
21917
22693
30102
8981
27225
20279
13004
19182
3477
26988
23479
24533
15662
14328
24390
29126
29374
4451
12280
1817
16842
1896
29609
23815
9789
19356
26028
4458
5909
18256
7961
6596
12637
27319
14696
11139
3931
30540
32575
31107
8202
18798
8073
27349
4811
25933
5832
11967
11095
19210
17068
20995
4600
22042
21476
14692
29689
11244
4660
9575
2138
32203
9928
9047
19657
8709
24776
3979
3790
18509
10284
3308
5446
19806
4818
5553
32274
29153
20429
2413
9232
30865
23809
23628
8522
28573
15085
19353
16750
10573
4807
15236
30847
10217
718
8739
12745
215
1244
9142
2842
31491
9018
17455
20527
27780
28601
20978
19053
7036
28926
28121
14546
9791
31262
21627
1066
14008
8299
19630
902
1289
17293
24394
25834
28018
23508
15408
3654
7540
716
28811
2727
7222
27154
21078
22447
12839
13415
17695
10051
29669
25859
15370
27011
29790
22827
7448
13055
25141
6
27049
21287
5223
17581
20544
12036
18990
24193
2951
13350
8741
31681
12947
30686
3245
31324
24168
22189
15760
8963
18624
10235
24805
6787
18440
23052
5940
32082
19628
2609
31962
22887
17300
27963
16558
31311
495
7221
3556
15230
7727
6483
19762
21731
23124
8485
306
21951
878
7184
16904
16822
27229
17407
7236
1063
23004
21078
22282
11705
11710
18984
25968
12342
28534
12969
1831
3229
7133
21990
23646
10098
30256
22451
28899
14169
3160
14565
651
483
20591
6850
1749
23208
27519
22198
13258
6294
11661
15944
4135
30088
16086
5963
20158
3098
30296
10329
31002
26556
31124
27005
11618
23302
2451
11568
29567
4172
8487
21895
28033
2161
18547
27050
26431
31744
16813
8072
2366
21112
29475
11721
13013
9192
12924
31236
16270
30908
21825
30515
15310
15319
10908
18532
19641
4834
16991
31665
20304
4323
9543
29041
29404
30481
25219
17328
21136
30695
5744
16861
21098
12407
20135
21699
17242
19457
28473
24251
4774
1476
32057
27679
2189
32020
29307
18433
23083
4013
32412
18717
4764
11847
22850
27405
5988
24426
2469
1980
19470
25732
18255
17693
6420
13625
22560
2845
23039
17658
3988
5590
30415
18137
21321
30725
11421
25499
18619
8638
18815
5647
4178
16222
24492
8607
12704
1218
13281
22309
7395
14518
27395
7168
26066
5296
15109
26470
7062
19647
8972
10747
25110
21438
28369
21411
12407
12237
2375
27541
22755
29442
25215
28338
15754
11355
27848
26644
22247
25847
29978
30697
28485
32134
23221
15490
14209
32767
27141
20903
6417
14737
24265
23086
26949
12507
20852
18380
25037
19551
5075
21802
636
15668
16625
26171
16460
508
1080
17102
9633
5654
23512
24415
18386
8469
23149
10291
13797
14960
11228
676
17562
5498
24957
30905
23468
10645
18816
17145
10323
10915
21897
9345
22797
26046
21662
19797
18078
22057
1091
14068
11861
1670
15587
12079
24978
4681
15730
1338
3717
23404
23121
3332
1592
18533
4978
27844
9168
7765
21948
26836
14608
19330
27569
8643
9246
13831
24910
30886
29322
25290
24370
3502
13708
2223
16643
3328
27533
25611
27406
15808
8937
24156
9005
1903
14836
24119
28910
24952
24635
21377
18673
24837
15628
21474
1938
22807
24376
23415
32456
16598
23063
1479
6989
21542
13261
21241
25856
8826
2252
19780
24199
32749
2202
8870
2104
3215
12245
1753
2618
17916
25460
29059
18919
22324
20815
3245
28277
6822
14818
26486
6358
654
1869
16648
21212
23425
21920
32716
31137
7494
20566
10458
10022
15848
2335
27572
24378
15113
11235
5683
926
19833
13315
1217
21350
31496
1762
25289
31138
31384
6052
20332
28478
7798
30773
14966
13351
14570
31629
3472
9135
12044
19763
30135
26675
11738
8704
24812
20987
13704
26150
1069
5473
28439
3185
32165
13366
41
25292
26400
5729
20756
4102
27841
5577
31029
7894
15351
374
17799
14877
24237
23539
3443
32364
22209
22774
18922
1222
3512
24130
8882
2727
27824
3021
26109
23364
12437
3870
7744
24085
20120
17914
14914
28305
31965
29759
31604
24889
13172
4368
7808
22999
14731
28466
29220
22280
4834
17590
20545
5880
24959
21977
11567
14701
4002
18216
12628
17159
22011
23272
4341
26054
29211
7604
5707
13004
8489
18024
4570
6500
13014
19774
9470
22340
18578
32311
6855
15887
5377
2749
17158
29214
12200
24198
936
1664
20717
15291
5187
6719
2622
25178
6127
23269
20112
18137
2391
4159
24331
7180
11536
5473
28675
13384
32297
25322
6699
32201
18691
3722
27653
7761
26722
25537
12189
29202
22725
31209
14455
29134
5619
27510
19910
17469
30423
4733
1246
32431
31629
28275
8172
22770
16829
5944
17637
22646
4904
24915
8380
13999
17024
6016
19160
1723
19069
28008
31941
24133
25389
4015
29226
1449
396
30003
1275
29528
30036
21907
23023
5759
6422
26863
12597
13539
18570
21743
12131
24591
4388
27399
12975
17842
20711
7161
2145
24387
14206
17563
5768
17638
23945
14298
19948
10131
26165
10751
30789
13941
24335
24881
13994
29584
21018
20283
17484
15271
15902
30864
20836
1373
26948
19596
2666
7066
16864
21245
8072
22320
16782
21218
24654
7103
1664
22131
16295
7126
5910
12385
21516
10330
943
26206
10231
3884
23232
9440
28315
19718
8995
8226
28882
5798
20657
1644
18007
32047
26386
26517
12085
12748
16084
13766
8575
11414
8379
17280
24386
15032
11096
25313
10424
14288
14045
2595
24254
30361
11056
8549
10632
7368
31806
23982
30612
30259
16530
19759
26844
824
5670
30920
31312
18013
18809
16078
1411
5428
29409
19212
26789
28802
32291
20487
27313
10143
20545
25991
12263
19232
32659
12370
21117
12980
21017
14139
29586
6732
30224
2395
22627
6783
10435
6559
26561
44
16292
29571
7107
18273
18331
11548
15288
15739
11934
14940
29279
3727
11138
1426
5211
16905
22545
28976
10977
27283
12636
9937
5812
3385
29267
22394
24403
970
31890
20768
624
24193
17278
3435
22437
2276
28049
7610
23651
13805
8178
6247
31787
22376
10313
27468
10496
9372
30929
14214
22556
29741
10927
6776
14050
27969
31362
2067
11284
21474
29499
6741
31046
29860
15151
31248
4242
29575
14186
17645
29326
542
31046
5296
10363
16625
10813
3006
11967
20513
27132
2780
25494
21322
21176
29753
19972
27821
6085
8111
20750
29583
29285
25670
7977
27100
20702
23290
499
29968
31695
16062
18977
24151
9667
3520
31672
24051
6407
20463
2689
13791
30649
9915
15030
24498
16930
2587
31234
20933
5958
22229
17577
8088
25528
4602
27394
31090
29363
1455
19246
20296
5479
6963
21252
6880
21649
5662
24139
5431
24654
5351
17708
23327
12849
31401
12006
17708
5523
9767
31940
30417
2602
6669
24909
26823
13534
31353
30650
29358
21207
953
28589
6135
25307
24151
8479
7169
30935
29778
7322
8578
28603
11183
2985
22825
28043
10800
30094
898
28083
1636
15410
18969
17820
2528
25954
13282
22396
26827
1079
14552
26482
4768
22230
14565
18130
47
27738
23042
18878
8933
26383
4511
15094
22862
12001
23877
16880
3288
10260
28282
28460
23770
16949
19941
25282
31444
29520
14770
16701
7161
29539
17208
27307
9194
19475
28633
10229
27845
4254
24874
17005
20574
21009
18516
14758
22220
9147
10427
2952
11816
17377
11741
17059
20369
15539
6268
16068
30067
4479
1791
27590
18185
19493
7446
23211
23841
32459
20125
28908
1056
3537
20931
8716
24389
22023
31851
26483
20786
798
4306
27258
19880
10845
15730
5315
30866
32149
21543
31435
13893
10839
31889
21698
4358
14692
26041
31130
6092
613
15095
4190
6728
2013
24595
27589
26147
20315
14506
17415
27015
2548
32467
17135
24288
8432
27907
5681
26084
31428
16174
31743
11729
3137
20271
32215
5365
2570
20586
19871
24948
20043
28336
30963
30534
18088
21603
26302
12159
32372
23514
21255
13523
6436
28678
15630
2393
20739
24662
31640
6543
20007
11225
27527
159
27043
1955
27821
25056
12542
9329
8418
31648
15844
30608
8532
22305
13852
2810
7711
14817
1978
6339
7198
15390
13718
30131
17664
10394
18428
3893
32158
2460
13733
111
13963
1847
22758
691
10989
31438
17704
15638
396
23512
4248
14174
1065
27105
26144
29730
24849
14289
29589
30252
10994
31857
2098
13602
2796
19499
30533
17766
22763
8210
4904
14138
3637
20002
21619
28968
17983
22216
368
2465
16837
11173
27087
25572
8217
21391
2715
5153
17084
4056
11885
20190
3883
26323
24032
26523
763
14229
13380
8881
20008
15097
27799
24192
26539
5607
15025
22473
20554
24789
17598
3417
30644
18573
20721
1768
30669
11313
31607
832
6727
23677
2218
20898
23666
24653
10120
23141
25941
25183
14435
6880
8701
11353
27609
6282
31765
21262
19975
3936
24247
30717
4602
24455
32130
17434
12646
32307
4589
32722
13467
28103
730
27721
14004
318
10863
16870
31250
28361
11809
30737
8457
30137
7441
14907
24280
7072
18588
11807
13535
17587
2861
28488
4108
11123
29014
25556
23191
31629
31008
20087
21999
5118
23455
16835
20724
13434
5321
22694
3686
6671
7560
22580
28573
20230
3085
7846
14203
12810
3688
931
31136
30860
29525
3519
2524
12389
13657
8514
32746
1213
15374
3114
9051
18988
18363
4979
21456
5664
15144
26005
16748
25983
14257
5711
2441
5773
16280
1955
2986
14863
21152
25634
2737
32689
14551
3689
28243
16805
28595
10732
14536
29581
28000
8434
1223
30875
11865
19425
8113
9462
16694
7612
5133
28256
17604
31210
14388
4119
3163
5945
5453
9720
24172
5154
14972
746
346
8271
20567
18042
2699
24410
154
30147
9150
26840
1563
7057
15007
2454
30976
13254
20120
10786
11055
26108
20715
32397
10502
21355
19198
25456
12877
31757
16117
3117
16232
32513
30342
26231
26321
14894
13321
22293
14022
3368
31183
13282
22335
17239
23477
7961
2083
26966
3833
10191
20411
4505
11340
21441
28007
19539
22568
30288
25744
22166
17763
30922
13277
17596
17925
30699
3242
11271
24151
23204
7862
3972
3644
17946
19483
5173
17604
4850
22916
16494
12799
10188
28314
19072
27407
23821
31423
14997
5249
19938
20991
25563
1758
14978
5699
30949
8572
24499
16584
16206
16282
26511
24528
9887
940
22408
23704
18034
27892
8106
23945
2008
27474
12064
6322
32249
25949
12794
10870
12794
25778
23597
17538
26148
23693
26075
18691
5186
16022
7381
9749
11082
20989
12127
1406
20544
200
5171
9372
9816
3948
13256
26780
25179
29339
14035
749
11595
14174
7695
14836
6730
12643
1849
10754
13240
25496
17247
4739
25500
22265
8795
888
15173
21413
6043
32551
24113
12344
7203
25616
5165
11093
29140
13092
18110
898
11246
1586
28096
16697
8404
19106
12109
26427
10511
5221
14048
32040
20374
7468
1978
10317
22348
17368
20101
18109
14795
8242
30264
16547
864
32477
1082
982
12374
22921
32714
23982
28536
8040
26782
10007
28113
25062
202
30435
4022
14741
28132
20069
15111
30566
30054
29755
5809
30239
22611
29035
25463
8201
4638
25778
20979
31977
32455
8216
31191
23602
11335
17608
22137
28537
23342
20767
27791
26921
29323
21763
32054
29560
27404
16502
27194
5018
30054
106
12177
19764
24567
24023
5672
6675
32682
21260
995
2590
8220
19267
3295
8073
16125
119
10746
15180
5816
27514
14485
11732
15446
31298
10136
16376
21663
131
30135
18478
9347
5764
25844
8191
185
23083
1893
3512
24742
18009
2360
30307
6272
5246
23540
27637
32435
23652
9985
27593
132
26191
8555
24909
27124
25416
14563
16636
25831
32694
10759
20364
29573
1070
28131
26984
27105
30860
8375
24160
10968
32067
17914
13727
11325
20209
3488
28126
1587
10295
32409
3544
4569
30151
10906
6398
23341
4286
20255
15467
27178
29493
1969
18458
10036
6930
30052
18519
24246
3876
32677
21363
10250
14960
4658
24508
13209
4549
31850
13740
17475
14231
21959
21089
22529
4618
2985
20045
17352
1868
31829
7215
18097
21544
17213
13378
22616
12504
6786
32692
13953
14363
30135
6233
30210
17544
14824
12449
6877
14370
14042
14280
31660
25132
17813
3660
29762
30527
12320
24228
11151
20377
18060
28207
28868
24504
17715
31339
29624
7976
28738
30311
23690
20889
2165
15483
1673
26164
32034
2102
25168
24879
32633
19608
17205
927
23306
14977
7141
9614
14216
2922
28232
30286
10188
25683
29355
5900
10780
25852
14877
17320
32174
14168
20505
32197
29032
13119
8038
28188
4074
27235
7740
28693
19662
12421
1448
31640
5934
29673
6193
24864
30055
31239
15292
3090
3613
21635
27309
16206
17024
8799
16463
3
15821
29040
9334
8903
7703
21518
23139
12007
6727
32528
30439
3067
18786
1016
460
11710
28426
31594
18032
12829
29000
13283
6067
9614
23432
14503
2835
24995
4837
17659
28438
14815
8103
30613
233
27336
12298
23121
9542
32573
14402
4645
10394
8202
21435
19287
19048
442
19365
13805
6120
25773
26288
9830
23029
23402
26132
11943
6694
19253
21461
17208
826
23269
1605
16560
8377
17392
31946
25966
16856
14792
31201
5002
925
23402
32355
28427
17989
25395
2568
11355
4579
2294
17705
8952
11849
19021
30666
30827
29227
3372
29143
30590
3458
20668
18606
26538
21295
24678
3550
30927
17889
15661
25390
5928
27704
12610
4066
15229
12331
16850
31545
2970
19879
29475
12346
24321
5240
4831
20144
31708
365
31920
3444
8245
29367
3340
12778
11113
31635
13907
8398
31706
6953
27671
27697
21733
23219
22714
702
24852
5857
4415
25666
9364
30844
15194
32620
29673
24651
22985
7377
17120
18995
13031
31538
24517
27553
1407
258
28375
4397
32734
10019
14841
32631
11564
241
10410
23381
19708
1409
29751
23857
18721
32298
27695
21420
15811
15941
24344
14727
18355
2098
31584
25284
3324
17308
15511
1288
13243
26877
14555
8004
15152
18020
25235
1172
27412
374
4704
3688
19757
31410
27984
14817
25889
30202
31573
13438
6792
11343
502
7159
2372
10973
30533
30057
11285
9015
8465
8116
5480
4323
13404
17697
10864
22553
2319
4169
5240
16840
13805
10290
23672
30938
10438
14266
25830
27833
3821
1081
13774
15634
8684
22370
20261
4825
11381
16490
30043
2701
23452
28781
11311
5053
12356
13837
21447
27083
9431
23644
7168
2544
23355
28924
16899
19072
26369
13700
19481
30575
2015
16422
14272
6165
26720
3983
19966
16942
13530
5647
4597
7717
7841
32762
32184
146
8058
14670
349
15617
4434
30357
30803
5621
28208
17677
2294
28204
19561
26119
8801
7973
27411
31117
3203
6368
25275
15431
15990
12005
20059
23712
28427
13959
134
11044
5034
23146
6374
10796
16729
18243
3560
16574
9242
5599
32438
5295
122
5735
24934
20490
29543
24802
24944
21942
25666
20219
614
10578
23861
17156
23263
3684
15815
24636
31669
8883
31661
6221
22384
30705
26083
12825
15873
28829
7676
11702
16564
25640
15287
10679
4704
20055
20178
11694
14304
3560
13091
32239
7367
30328
27364
23702
24656
14756
29519
23499
28308
27503
18283
9540
14848
9699
1317
23308
10501
4092
26786
30083
3089
19393
4564
17063
12223
4020
18507
27281
24395
28524
12622
7490
27464
6017
11307
19872
2197
168
18635
7612
7053
24095
3209
24662
17278
19276
31044
21411
14940
31905
2739
31054
23735
30658
7673
12220
28139
5866
30586
28820
27799
23435
23276
22655
2896
21556
27057
23596
8598
6584
15204
20120
10502
10125
25778
7308
6866
4978
24683
24935
16751
26708
3800
14621
21133
10355
16208
29568
25932
15041
30726
3262
6317
18314
28709
3883
32326
18522
28703
16961
7483
20252
3137
19173
8553
18559
28044
8428
2788
15774
7360
32222
29092
22751
953
10490
12667
12827
6398
17530
4682
9728
27032
24
16501
15540
29984
21712
10644
25531
4124
11752
4460
32539
16524
9006
29469
5566
18623
10369
668
7447
21611
22162
25188
10249
31741
12524
24937
32004
4654
3378
21838
22385
28631
32680
25815
22608
12806
28917
22177
27167
7761
16680
14353
7166
8554
7160
28810
14354
7156
25168
5347
6439
29077
19723
3864
921
3661
11516
28223
1396
22022
27697
29374
8666
12908
13432
10940
19365
13054
24355
13013
29518
29541
4617
28434
11278
15365
11725
20504
11330
4307
29027
30879
11540
8806
30415
22310
27992
21840
27952
2021
23476
21422
13310
4868
11268
23806
15248
23306
23548
18481
20193
20376
27407
27649
10899
14423
18832
24965
1332
11311
17176
21763
27841
2234
26663
22789
7528
32248
15118
28591
13714
580
9228
15951
27425
17030
28855
7990
9718
25259
25245
1479
9143
8786
4396
26829
2255
14792
8911
10002
694
823
8538
6701
24434
17434
28072
19355
15966
10996
5762
17
15914
21826
5827
3345
19491
29102
16058
11452
30900
21125
19664
17383
29997
1131
31083
20080
7876
15694
31250
26066
15066
14232
16337
5624
18559
19881
29919
29775
2871
27012
32126
11551
13054
7368
35
31515
17803
29923
14551
15671
11474
24450
7133
7865
3788
13131
2965
1427
21114
12495
9632
15088
30248
4026
27461
525
6895
27725
18707
4426
27005
10511
16840
8577
13337
6335
16498
1942
31201
1164
21972
3151
12118
25225
25867
30310
28699
20571
882
31453
32250
9780
4034
1938
12584
13830
17534
7187
15818
2800
18830
9395
29367
15613
2345
3038
21888
11533
19449
30121
16302
15635
24698
22957
24906
22657
20900
28438
19619
24833
28873
7927
28491
21350
14016
28897
7267
14562
16451
9651
3096
14457
27030
29875
29806
23733
19817
7902
7997
24988
11008
19581
8568
7903
30609
26873
6069
25172
7918
28912
3050
20134
14179
26248
26741
4684
11490
24580
7264
2743
10077
25749
21730
10192
12404
2930
28713
9121
23632
4394
3414
25170
31183
22329
24010
3672
3553
474
7072
17641
7730
10269
18810
26291
3849
19001
8065
24781
6256
547
18855
494
5781
8800
23344
12253
14704
14103
7024
4392
22438
7530
4054
32537
26797
9478
26409
21478
27185
28665
10770
26920
13495
1221
21723
23182
897
18098
15990
24787
13233
18536
28865
22765
32433
11452
22024
19336
13265
2507
24523
2226
13618
581
2754
11224
15332
2316
25631
7153
10059
766
29715
23545
23495
15118
12691
16289
29843
23706
25436
22597
19694
26617
4661
11806
9337
21843
28788
6585
25313
22965
23235
20903
16061
612
22052
119
19386
6770
12083
30433
13301
3728
7851
20036
8360
17187
5932
3923
5641
4250
8252
12554
18031
23038
25227
1000
8375
29130
18811
23896
7654
16638
24031
6000
4623
25711
15875
14557
1144
13409
22254
22814
21240
27223
17123
5361
9379
22826
28974
9995
28586
27481
31517
30988
5756
23456
19020
16562
24625
23500
29733
32077
20521
7629
28328
26995
8432
29453
616
13556
26213
30208
7638
6928
6940
29181
28098
10472
7424
32076
24351
18483
23869
31104
28167
25138
18269
28166
26111
12006
9136
28927
30587
1152
30962
4683
18085
15129
12584
31974
22362
30883
1483
17016
31349
31008
30504
1319
8273
10002
21255
29616
13449
6194
3723
19382
26370
16996
30553
22106
1580
31979
32764
4875
20100
8665
11145
1183
21342
25546
23678
21667
25825
11218
2800
16624
5971
5044
9702
1919
20375
20565
9216
17535
30963
8304
1884
30372
18455
5002
22713
7617
12123
15657
24029
10137
26697
10305
3893
7923
13915
7919
4284
20716
18181
6761
12829
23697
21238
28470
14876
24749
25756
2458
306
15328
26598
20053
8055
4849
26445
29581
12742
4453
6677
26120
31259
6225
10192
3742
24383
20332
17701
3054
4008
19560
3535
13393
19354
17539
16360
29708
6803
31833
15464
23498
28646
27132
28905
29513
678
15686
3757
9299
23749
17006
13025
20976
25981
21210
25635
28634
27375
18484
2371
11825
28427
9664
15686
3440
15279
27629
9393
28320
531
18986
10244
29643
2404
8954
14212
17588
12463
5707
31805
3013
18433
1540
6728
16201
1229
18653
26698
2779
5517
32627
16445
27934
6316
16284
19827
23983
31396
2551
31703
3928
32612
15816
27767
8839
31476
32515
4927
23550
32091
17063
25095
13259
30145
30029
9425
20603
4305
28673
29515
17035
22113
12112
23452
5151
19029
162
10844
246
5312
6603
29668
27294
30029
20188
17097
23780
1502
23103
4003
13967
4210
27395
26131
19022
31820
28020
23300
3054
5714
16879
14384
7632
14515
22004
230
21147
5580
21373
13323
30510
10829
23182
28512
30937
6807
30990
22530
15308
32617
21717
27703
13775
26044
15366
8807
8500
1515
3999
31081
23562
30231
15438
24065
18324
23498
13703
2470
15354
24794
9939
16008
25661
28561
20331
1233
5744
31242
15365
19755
31782
20702
21230
7299
7975
19713
26201
9485
11879
20710
16631
28809
3896
25834
24775
32708
3774
29423
21552
865
18339
25927
27981
4569
4109
11477
16264
32449
973
29294
7018
14156
32474
30597
31921
18448
7165
27144
7843
28685
3021
12165
10915
25835
22494
27537
13570
11395
26166
17770
31767
12193
20736
12507
7570
27144
26245
15968
13837
23479
25943
13963
7908
8043
18639
1190
15943
19045
14778
13466
7565
31085
30544
2064
14795
12055
19558
26325
17062
26437
25828
11907
15205
1005
6008
9566
12875
30493
30604
5244
547
20028
17270
19753
21020
658
751
7561
18391
13067
27079
30847
8127
11063
21207
21710
8089
23446
26422
1918
5979
10003
17840
7554
25666
10702
15987
30871
10783
23838
30476
13167
14066
15575
2706
4367
17593
20936
31265
31606
3466
17800
394
21887
26080
25459
9289
9224
20787
10991
1720
21076
17611
22260
26498
5550
3285
32459
19801
13391
1975
13333
15596
13186
11169
16912
2835
12550
2660
29206
8013
27572
18312
31078
14957
16225
13464
29735
5520
6150
1985
4522
27986
8223
24732
22000
19778
11856
3911
5228
12179
13902
20922
2057
17684
16637
31576
11375
31074
12246
15045
15490
1883
20364
29176
31276
12759
32239
21649
9053
29843
26384
16492
14416
16750
7590
1142
30479
7640
4784
2495
12345
13447
12380
4817
22787
12139
7208
1345
32381
28133
25671
29059
32279
27444
7238
19714
10083
26928
11503
4720
11036
13114
23406
15451
31592
3443
19378
19970
346
9260
534
24166
19387
3998
10305
22948
6922
16347
6474
27777
28353
25861
31008
20039
30682
10174
23338
23760
5266
17887
15402
16096
14701
26477
21351
184
27514
16329
32523
24295
12248
20262
20426
13156
5241
22592
30660
14554
13862
24140
8365
6211
26563
16170
27947
29880
24277
15842
10623
27015
2369
4430
28520
11911
28758
19220
16708
22184
19726
10968
24697
23758
12689
12719
25363
29408
27643
2518
19631
18203
1631
5796
11927
13229
2060
16573
4910
3199
23567
21129
14479
32594
249
30948
24177
14861
26082
15383
11086
19285
6317
1287
27844
29023
10638
685
14139
19202
26570
966
10440
7953
23486
6348
21329
11751
8739
4644
4594
16707
3216
11929
19872
28247
11072
3593
29964
15899
9238
15454
11210
12263
31454
26816
29875
19009
11990
7434
23432
11764
20845
2426
25048
24418
31306
14508
13091
14874
15504
16329
25663
17069
353
16124
16891
19134
27553
17957
29443
7001
10492
29138
28931
6534
21546
21611
7439
6429
19569
32684
29507
20955
9836
16984
8614
10934
6668
28204
1620
20334
4572
14866
22749
17509
16265
5272
744
27824
22945
31392
27676
13934
26267
9817
15680
24920
14616
10862
24224
5018
360
19837
13747
12514
6224
14794
26108
10166
26378
21813
6446
10506
4238
21865
4755
32274
16400
25687
4526
28757
16586
26851
18464
30723
17147
18396
26312
9352
29232
12594
1582
29537
16578
19811
28194
2350
3232
24375
160
265
334
11693
19447
17943
23342
18997
2090
11100
28671
1823
919
13780
8355
12884
17110
19647
6181
26692
22500
17468
31738
4895
13441
30233
29063
27208
31702
23786
7396
1543
5979
25944
31968
23422
4856
27068
18501
13534
1131
3053
12381
31194
489
24917
11444
23644
27656
9547
13344
15735
3804
26013
1791
24222
24160
23915
28352
13075
21016
29244
5797
26017
9205
1867
25030
26254
30329
6946
25178
5580
9755
25450
22066
23919
18925
23298
19590
20580
10108
30286
22772
8543
7672
29138
30662
1557
19605
28415
1908
23212
30768
21324
31593
6511
29750
7561
11274
31431
4802
9584
26613
20838
24581
31102
10886
30406
11499
20225
7072
23506
11515
14449
15530
4579
11136
5635
26327
24557
7142
29820
32427
14331
2406
20035
187
8408
10726
25275
19380
26639
6170
6095
19358
12310
30960
6607
27234
11975
4139
11642
27018
12303
2125
26716
2377
12522
29115
17242
8379
9871
15644
15243
2925
17895
13570
30025
4128
24388
15052
5512
9418
8784
19147
17767
13278
24132
2979
5125
18125
4698
27892
10902
14797
25220
6458
1718
23769
17502
16114
12028
9721
30817
29951
5587
22723
9050
15947
7813
18210
7195
28849
30873
3926
16753
795
17759
31548
27734
1767
15305
25808
21095
20624
15996
17392
27800
5002
6183
18787
13862
30061
21012
11033
22477
23638
22781
1460
4924
31882
25632
30536
710
26973
21141
22367
346
11603
29408
12353
20149
11652
26819
23922
17366
23621
9558
29563
11186
32516
9561
21741
5162
2932
27080
6308
11066
24555
24240
9545
31859
23304
9282
9754
8875
5784
28197
15598
16883
18874
27921
5491
24009
5698
30362
15803
24463
17756
24393
26615
24892
14194
15089
31106
4178
2895
30528
2849
15632
16516
1173
16009
27112
22794
273
3361
28467
15914
6641
29706
1828
27802
5915
8541
22010
11241
17654
1715
17018
21788
12415
29931
12957
27802
27034
9511
134
4933
16293
21272
15286
4842
11347
19580
2691
2523
24760
6628
16326
31194
10400
9403
30933
15929
6181
32388
22449
11584
14209
11619
11648
26831
8480
8671
10557
8772
17914
14822
24238
21919
19487
29969
14742
16357
15251
15914
12589
5314
27997
28140
20429
14193
28891
27401
25326
31457
23384
2930
26452
11536
13792
6866
1415
29115
32083
10843
12932
12346
26809
3526
18610
6310
27093
10645
11543
1084
7165
30364
21708
13574
5417
24255
16046
14520
19785
22269
13655
29400
4060
23214
27981
4641
11198
11272
21368
29994
21825
32232
8154
16963
28288
27344
122
13983
10736
23851
28833
28857
15160
19673
4169
14832
2627
30183
4051
4980
7315
27806
1016
2662
10456
12992
13826
5947
2241
12814
17468
3170
32018
16397
9895
22566
30711
3850
27630
7637
24983
12380
17052
27170
2797
3049
8845
1736
17107
28908
10914
12656
16736
9205
1721
14805
23924
3633
29149
19238
16529
29163
10425
25772
3309
18515
24659
17836
10693
11390
5367
20623
10739
30639
17776
10560
195
29397
28287
4822
30979
16724
23173
20595
8793
26888
6531
3435
10458
7047
13636
4265
19159
9383
30169
16207
24826
8769
19014
12957
11410
26932
10619
25876
24620
15276
32646
15067
5731
13476
31494
26977
11001
3241
20195
580
10790
7137
15420
9586
18991
15693
30881
7822
9019
30539
17539
29077
6499
3423
17896
6849
11528
24370
31587
1453
9577
14555
23364
32699
18804
30814
29452
10675
6877
11378
6948
11436
18286
4232
4814
13872
17566
2568
6235
32667
18788
2782
20895
25796
6733
32053
6306
19935
23501
7298
152
28834
24274
24517
10003
11431
7071
22796
9592
1810
20184
11832
13999
2419
27865
3843
25887
2030
24396
19522
21722
4761
16635
29800
32276
5669
3042
6476
27610
28609
28041
9004
21249
30779
13713
21745
5468
19048
4748
26036
1330
18631
4370
21378
31982
9825
4369
21340
7961
30451
9572
642
21126
2639
4519
15602
20172
5888
23114
15659
19705
30765
6885
26934
12421
704
5835
28903
15493
13766
14306
8545
10529
18969
28594
4568
11592
25917
11963
3483
20643
29577
26124
24401
6599
28039
18193
24962
27822
3229
13741
30810
11624
13036
8328
22698
31502
2680
13227
16432
5880
8073
6474
792
19503
31314
15584
4802
27429
31697
17538
25030
11684
502
13420
18742
5893
5895
28897
21283
9378
12355
4658
3682
25230
16326
16156
20367
14467
7596
342
851
795
3193
18539
30179
19779
23737
3782
13257
15853
29667
21771
26599
3590
14979
26542
23225
6824
13720
8894
30426
26512
20283
10241
30410
9682
4738
15174
8174
4811
24228
14583
11992
17240
21854
23278
22729
12101
2197
16265
1652
4361
11068
26369
11269
28080
18808
6903
25186
22808
19458
29776
9649
19040
19150
29507
23834
5278
29418
23984
4046
22480
936
22452
27464
32278
9983
27258
32467
6430
10543
27988
20556
13279
21412
1290
11817
27786
28445
11634
25274
27325
12557
320
11439
1530
6209
13344
8411
12377
31940
29442
22839
31097
22272
7861
5418
15804
549
5304
12039
21940
32207
31309
2776
23000
29411
15822
25178
20092
32697
16964
4680
19456
3969
26934
19676
30535
16607
28351
21908
24170
8153
19427
10802
3502
14067
4899
15622
28852
15256
31567
9327
21488
22972
3228
25504
6748
25280
9207
12448
31598
25494
16536
23444
23879
26149
20441
15169
7981
25071
27465
17101
26683
8177
15612
9413
20055
5578
32294
10085
26981
31776
17384
3603
9914
9280
3690
15404
28884
20740
20010
29955
32584
5882
21396
23847
25339
1986
23762
8421
8853
11448
13797
25614
31539
5332
7925
24315
6493
31182
27877
19661
24119
16517
6187
3833
1275
22689
11743
10757
15526
16247
22289
32652
2546
10798
27232
27016
1413
6944
15304
6865
19048
26243
7868
26848
10426
27209
20085
25305
28838
32068
12425
22985
27026
22926
9663
15915
18841
1576
23842
30386
16700
993
23892
5186
28500
16762
14373
1855
20811
6919
7268
14859
908
26776
14838
13514
26168
24601
11300
11881
31259
20087
24121
11998
2526
27653
7757
9905
29566
20509
21084
8123
9725
18442
923
27438
10071
5413
13323
28885
14007
22079
12878
925
24299
8255
24506
24405
3349
2572
7340
13234
32676
12206
20254
24726
8579
28848
14204
18321
9616
28104
1972
22185
30288
2490
28813
12374
19937
29049
6457
5329
2608
28559
13613
28814
4460
3776
11312
13319
23226
20458
2226
22716
28458
30512
8288
14200
30441
13399
10997
5077
9913
10864
15187
258
8607
6840
20178
964
8923
14012
26328
5563
1053
24001
24746
28135
29686
18786
32641
12907
28813
28027
23777
30608
23187
3910
13094
12300
13433
22468
13920
29317
25056
25951
28512
14417
31569
8397
19731
31104
2606
22839
24591
18972
16616
27547
29804
23727
883
31087
32213
3590
21495
29319
2526
24117
30665
30264
11416
31451
26777
20414
7012
16039
26093
4571
27140
18971
15054
5569
7672
6544
3008
24882
3079
15483
16632
14310
13340
4590
24778
23597
3923
11874
28257
17109
1108
20147
8370
15950
30176
31852
1458
25868
8105
18245
26055
14125
13671
14314
31613
18268
30760
24574
21371
27381
13799
11104
26805
13673
26465
22189
20707
17125
24612
12038
3377
5678
17641
32531
21304
3536
15395
19783
25133
13431
3288
20326
14424
28829
8112
14149
15560
22373
5708
15570
12614
9927
27864
2387
135
10990
23012
26611
15526
4830
24687
24442
25041
30810
18501
6492
12610
7941
28812
14837
14448
11975
12441
3603
22663
28018
15112
12725
25110
15270
14091
5138
6408
22770
1026
31965
13526
13115
23372
30408
12539
17762
17501
17223
423
18721
3857
15254
183
16438
18496
17149
9957
6340
23699
11859
25916
28918
23958
17601
13008
15845
7438
15816
8875
22972
4748
24709
5642
15642
16194
10292
24266
26551
1046
4596
26141
15435
7669
30665
11137
21419
15466
7399
12275
2869
26223
20270
8543
21103
8579
16881
23132
31723
3836
1531
2582
5486
29599
17108
6283
2896
23918
5440
6907
6950
23489
14089
27801
22943
32152
21502
16263
20396
2608
12348
14849
29412
10196
940
29657
32038
25846
11981
26659
26496
22398
11444
12081
3151
18018
26193
5314
13480
4471
19187
24182
5367
19335
21006
22149
31974
15011
19005
28337
16001
12986
6531
3961
4247
32363
21206
26512
28771
18968
17630
20365
18027
17724
26106
5604
21161
28158
16772
18197
9193
15110
19030
17955
7794
6031
13964
18760
21992
26045
18572
3815
15985
31537
10564
24258
30999
19420
14259
11117
16238
14096
29099
26627
12918
10973
22997
26135
4290
4506
32501
20461
6106
15810
2159
4842
5343
18434
27659
20042
26733
5007
12533
6673
453
27837
25608
14916
5420
30158
8523
4696
4494
22023
22204
27883
6503
24330
9293
27570
740
7263
32045
13235
9029
340
28232
10676
27013
10503
11793
21235
3133
23745
22911
11799
20166
21637
597
6247
8605
26089
29351
4922
8716
5413
18842
32174
15623
15466
21867
5789
31061
15733
20147
23245
11504
29027
22761
4967
8621
19143
27688
10411
27935
24058
3122
3297
32697
17330
28854
21395
12084
2518
718
18681
16432
9873
21452
7605
13086
8614
28982
31425
22621
26627
14863
4517
28579
32152
6488
31981
22175
361
18903
1242
2781
14306
1815
7256
745
3947
20400
10800
8887
21309
7368
29311
20290
116
13018
13415
25972
29029
28599
20484
6214
21297
14794
2209
31272
6555
29855
14124
13731
25878
7847
232
14653
3874
31797
26210
23197
20697
29645
16038
13551
14277
32670
29362
18058
23797
22605
3371
4560
4688
15604
29263
17750
31273
31851
21547
12102
15635
9158
14094
1
20982
30238
6717
8200
3170
4501
6376
7452
25892
26004
5981
29348
12567
24151
20604
12624
14909
27052
22379
18940
28430
14583
24971
32727
7184
25722
27818
17860
25512
21459
5498
2816
26672
4038
12865
15109
23625
24893
1491
29871
28019
24973
7870
15518
15579
24571
14020
11995
23155
16511
9870
29630
30280
14280
16798
31759
15377
2175
11910
18539
3331
9680
3927
16361
3053
24359
3677
23038
12160
31031
8969
8094
20206
22593
9007
18340
23736
8083
29810
29300
17344
27215
29180
18655
6822
365
23154
583
8529
13059
23078
5635
15564
11972
1423
7172
25940
3015
22519
8377
15023
23435
2676
28721
12991
28215
22297
7296
5718
11302
31853
17251
16460
10402
5404
22311
21199
20976
6125
28358
22267
25230
5108
24916
31402
30648
32009
12441
24718
28976
7289
1792
13949
32319
31227
19632
1547
31735
20709
6136
29534
2236
26015
31984
24126
28931
20312
93
6508
22872
2553
12758
11317
18854
25687
12581
21062
32179
7853
8944
11714
7914
19785
22681
24466
19293
21381
12130
31229
3594
2809
27349
376
11357
27375
3683
28607
27895
17431
31307
27940
15278
25725
20413
13351
20181
14263
24639
21320
12733
14179
11345
16665
22651
16337
13644
30359
8428
7420
9872
954
25847
25535
6622
21067
530
27461
31491
2806
31240
31426
20151
20640
4345
32608
24772
17915
3234
24189
7531
4439
30942
14355
6659
21179
5485
11639
4323
16436
20725
71
21634
23661
30022
7581
32221
31616
26850
27017
23065
2572
10685
24255
23402
19080
25921
22156
4403
31958
20885
3343
27503
9243
11295
13733
19791
24271
328
13221
13092
1296
8575
19278
28544
316
26496
24317
17304
5822
13270
3235
22253
2856
16798
16247
21036
25987
14479
2536
8530
14306
8247
23510
8467
10046
6279
26881
15229
9597
31634
21442
14297
4564
19602
28665
16850
13135
6188
12870
27609
16814
10741
8060
12487
28787
15156
20562
14532
12345
32490
23900
25960
6727
12047
18234
26913
14949
32543
12048
28117
10991
6101
29494
3784
14119
54
1072
10687
30671
6098
1504
19302
7672
1607
4346
15087
24597
17414
10425
26876
15699
8282
14544
17855
2861
26790
12196
16991
314
5358
2232
414
14154
7576
23400
31674
18866
24180
16859
6544
6116
11003
11315
2823
20803
30676
29702
23724
17461
15773
17426
4250
9081
30951
10284
16029
13755
27522
22906
32663
9061
764
6882
10274
22201
2148
14786
5750
8733
32083
1762
6030
8373
18990
23463
10118
1335
8613
32649
4424
19195
15743
454
12647
32082
22682
23384
24651
2329
2605
27941
18319
19598
26193
11895
9895
22882
1984
8107
19142
7439
26332
21805
15870
25451
8691
11940
29098
26493
6849
3689
26633
26256
3382
9534
8491
27015
890
9789
20241
14448
19247
30478
5392
11356
20470
12381
22134
21357
32564
651
22640
6960
6422
21156
15147
29997
4818
9106
3642
10685
28208
8080
1080
19740
10826
21985
2478
2751
12687
193
17206
15080
26894
26524
14049
30327
17650
12670
9431
7427
1608
15307
21309
297
1545
18736
20828
12068
12628
7385
30207
414
6907
21988
7452
30918
17985
7958
26807
1955
3810
1741
2308
19368
21076
4918
20428
25224
15949
26304
4881
21068
26757
2257
8949
14242
5053
9911
22232
11896
17920
24801
30145
10441
5161
30799
32255
10167
18085
28743
4112
2779
15226
30794
193
27097
10632
12870
22167
11319
10511
10509
13934
21359
9586
2822
864
11074
7227
32034
13800
21584
19806
6674
11847
23782
16578
29112
1575
23575
17661
7387
9599
17166
19296
14622
7862
22690
17715
24883
5643
4907
26177
30028
14388
17556
28824
18386
1093
19634
28042
602
27860
17876
30711
22229
5211
24476
31695
20742
10461
23565
3794
23610
8909
25316
18074
20787
27435
7980
12252
8293
11504
23309
19179
27749
21932
3557
12669
10398
2414
4250
18866
4166
3556
27694
10834
2448
28867
30355
5206
18723
28009
12737
9643
18892
21954
8455
10546
27759
616
2206
10251
21572
3598
19332
8211
21311
24606
23431
939
31440
19105
28576
26300
9421
16224
29827
31992
2221
24648
27508
19810
12534
28435
11100
16144
25848
24613
14364
25391
23228
5300
9249
8265
17720
44
12345
8899
4804
15570
7589
13994
28626
21415
26223
28335
25049
15247
20478
15471
3730
21426
3047
24056
871
23843
23302
17545
4393
14272
26318
22682
4097
26201
17629
16156
8105
7700
22739
1026
14299
25871
2149
19968
7434
1096
30125
32659
3409
20666
13252
26945
14761
4041
10643
28962
24414
31456
5862
21407
5572
9817
28610
24954
9254
20381
505
24335
29695
22156
6395
26841
29548
26143
5103
311
31714
4171
8707
11120
4380
24873
6400
14325
3160
11605
6689
9703
1987
8084
31013
15833
7730
18873
6563
18903
21266
15561
13982
3751
13986
27741
18521
27214
6752
24904
31852
15319
27072
32634
29720
30799
31524
25380
15576
4372
27913
6429
14136
3920
25470
13957
24554
2240
14811
5032
12055
20922
31919
11812
499
4206
16378
30287
17044
5484
9629
3027
16900
7526
10254
11675
30869
24631
32080
24819
8308
4389
9763
5098
24193
13411
32120
16123
27998
28122
23591
18925
32454
11562
9444
14328
18209
23275
19568
24361
26453
27448
12812
12040
10462
31086
23603
19063
16417
20785
28040
30941
2301
2224
26126
12932
29092
4138
1175
19520
1961
23218
23679
1618
23386
1071
29593
651
11599
6310
31850
26037
6723
24764
149
10286
14627
22390
3991
22998
24421
11588
17844
23851
32667
31806
16177
23987
22088
4525
19396
1435
22770
28877
30281
13981
7032
29393
13494
18983
8102
10280
21585
7353
17159
24319
30241
26766
16122
29447
12194
13184
28424
19064
9149
21542
20853
9302
10230
21055
30229
7155
18920
9811
20321
1461
18670
7319
6602
2329
22564
24338
19790
7160
15502
27390
19784
17161
7062
30065
19084
15272
3516
828
2995
29397
18825
14355
4020
28032
31428
8431
16053
1540
6633
32177
7456
8945
22487
19976
13560
19214
29129
9620
10606
15006
391
2892
10415
24035
7646
26653
12289
21729
24397
18643
22030
25700
7425
30525
3967
30788
30212
11916
8653
6888
31409
28413
14420
1545
2667
13496
20394
12472
14734
5623
27438
32419
21414
3178
18660
29844
19935
28123
1920
5690
15805
22542
29376
20780
10253
5099
27135
6443
15388
13278
5384
6567
20262
29055
23336
8325
11281
3694
20615
9760
2907
15489
3511
5774
18258
20770
9614
16420
8323
18418
11569
2876
9844
22707
2674
24373
6294
9316
31836
22716
21365
15789
4619
13642
7730
4222
962
6126
27699
27892
8759
2893
26393
14716
20529
25831
21746
4154
14933
28060
11952
19372
16701
29550
31451
18058
18891
10376
16514
21233
26557
29568
9847
11457
5761
5337
4796
27460
29770
17868
24120
13840
13155
13383
28846
16686
13764
55
22768
21627
1763
7683
13648
25167
10188
16984
88
29021
24948
15148
5563
24026
4426
23037
906
13794
9232
21338
31659
13591
13033
14245
31112
9099
30387
26903
28676
7136
1430
13060
5043
31917
3805
26209
5450
2340
2309
8067
24660
31986
1556
6441
12839
5991
8749
12477
7447
25047
16480
32727
19433
13632
2502
12035
6539
17196
25294
26052
20738
9689
19154
31705
10659
15256
23022
20414
21382
20851
20753
26230
10296
24850
28756
14472
21424
26080
1931
20552
2436
3433
29978
7511
6749
18182
1803
8557
32169
30397
29277
23126
9103
20323
21662
3387
9000
6147
29628
22307
6380
24708
12312
9913
18794
27013
23772
848
23613
17292
29327
17700
17211
26976
20454
8931
8687
22963
31965
14444
18762
29700
9223
27350
7061
7364
13858
19892
27818
27832
27631
28055
12900
28574
6721
9173
6484
13843
3155
22409
20917
16052
22622
20443
10402
31364
25195
31618
16775
28814
358
20871
982
17611
31349
12107
4347
9797
18056
22475
22161
26749
22064
30755
4310
19466
18356
21841
20828
14980
17250
1852
24066
31136
29219
25845
31779
6556
16978
1596
31757
8926
28366
32326
6325
18136
31822
13245
32681
6190
8437
31241
5445
3611
18983
20430
18730
22289
13466
26293
3820
16031
19120
22640
20235
10904
15620
11512
25637
29554
2370
5657
30825
7148
25405
1073
22351
11251
13371
30773
1926
12999
9363
14068
16686
13402
25467
16800
5192
1529
8475
14218
21355
24109
28390
1325
5816
7140
31273
1134
27408
2252
21732
29218
388
6912
16602
23761
29452
31206
12516
28857
27772
19031
29834
17686
22197
1537
16852
3745
20248
25098
4446
23383
1089
2294
171
15227
19185
11211
11963
31710
32587
11891
18144
21854
1604
29537
11725
13741
853
2680
1264
1364
5746
18216
30722
3831
13888
474
2268
27610
31363
2190
19852
6564
27349
706
21672
7523
9630
19606
9186
22481
29504
3375
1245
28374
6546
3161
5183
28749
912
2928
18184
4619
4433
9600
23074
13085
9273
31403
24632
594
15215
10955
25036
28154
13457
25433
17284
16620
1191
1166
26309
4302
32086
8647
14467
24976
29271
24878
8792
8762
21287
32407
4563
26344
3327
30120
2578
1042
18694
5949
29587
28433
23238
3594
7751
2015
29404
5763
10728
12319
27124
28152
18573
21341
14325
15621
3964
17558
27513
297
19007
5371
13696
14773
1018
18418
23909
23528
15099
2142
12561
21080
29331
17184
17774
2963
5924
19166
6942
23559
26748
26882
31598
14111
24161
6
8581
943
15213
8944
994
3986
16925
17944
20997
26258
16420
27953
31339
4231
25605
31367
19648
31427
4320
902
3153
4270
9356
20092
1728
18350
25575
23968
763
8778
362
11090
7278
28302
29185
31652
24184
17329
1049
26394
13340
757
27898
686
32762
24527
16471
18711
28797
13128
1571
10571
25685
7843
25255
24131
29480
16704
1234
29694
28292
1472
20176
7624
28441
19050
27870
16828
16933
26829
20060
23944
19247
24743
13603
10352
11768
10758
20250
5782
21679
29357
3588
8568
9828
19129
12700
31162
447
1157
14308
1574
20466
19402
10170
21489
17388
14347
27052
23615
6607
24112
8973
17130
27301
9585
18248
29311
26703
25461
21365
14730
5565
955
26666
19732
20325
15930
13716
21609
14317
8516
28102
25119
23851
29360
12624
32339
10576
11320
10772
9782
29792
5920
18517
25801
18918
19225
22033
26852
14053
5220
21649
15485
13329
1338
22590
295
63
13932
22198
21977
32539
31559
6943
18929
28697
3258
21692
376
4526
28603
29629
28328
1215
6886
18524
17579
1114
8039
6181
1958
17828
22811
7573
24054
5138
27122
9703
1722
32220
1176
16683
6545
9391
19028
14488
29605
1699
16432
16163
30184
21356
8026
4177
30877
8660
1226
29001
6171
6505
17445
18477
16077
25714
25057
15786
4222
32296
30891
7374
6867
12579
3589
25882
28441
23059
6708
17113
2369
17072
18265
25008
10281
10484
11230
19829
31518
18055
1043
21828
18590
27771
12057
9424
29282
1849
29440
2040
31388
7867
19500
3227
28285
9980
19453
30380
23034
13485
19119
14985
10448
27178
28798
29064
6341
12460
23054
31955
8497
4544
23563
19063
29630
17656
10764
28855
31340
17888
25790
5030
30424
1587
21310
18677
9917
4175
19398
28169
4539
11751
3980
9296
25687
26360
7655
26582
31812
27902
17076
29715
2529
18023
25592
27400
27394
20040
21191
29322
8947
23631
9060
15325
5050
10489
20649
10628
23709
16900
11945
1880
484
9000
28821
2264
16864
18178
17884
448
15148
17489
21142
3293
18483
19300
1827
5407
13298
6099
6927
29936
11264
10862
12089
8132
5067
24435
23349
2545
7460
13572
10734
17090
18942
21975
18832
29894
15218
15408
29349
16494
29191
268
19070
9431
25393
11167
17620
27365
2071
5377
18607
18065
18841
13349
7303
8836
28050
26122
23977
18916
26970
1589
1757
25710
15760
27486
19014
30917
16150
7274
17033
26889
29020
20889
16178
7596
21986
5633
12371
21121
21752
7483
30061
14870
9161
8540
5012
27460
19351
23846
5839
19716
13896
30336
8894
29828
25634
27940
30335
10619
11987
24984
26577
1209
15796
18527
6522
23810
3918
23920
28903
30236
15390
27623
3859
9767
22165
15867
20650
25901
3171
18736
6509
31482
27893
27341
28376
16174
31036
18577
9730
8080
24753
10658
10438
24741
3990
23494
5664
19586
29310
30933
16857
17374
4879
8303
22375
25963
29191
31210
9231
16231
17021
4750
19532
16237
27242
27653
28788
21650
27751
20237
1177
30637
7864
13936
24493
3574
21386
26166
17898
22995
22137
793
29297
28142
25429
15929
25650
22155
31270
26897
29195
27929
13421
1450
27188
2566
32685
9998
16602
2264
24874
13824
4618
21114
9969
28138
31441
25043
10776
9751
3490
30365
1607
15138
26103
27253
27256
11439
7995
23598
26362
17240
13032
9579
23740
21227
493
20077
29128
27858
3410
29737
12046
5842
8734
21662
11107
23033
31865
30053
26569
15825
9742
6282
16625
986
5043
29594
6654
14135
17996
23805
9356
25768
29420
25478
27121
3768
30270
1097
31170
12856
5924
29357
24986
28395
23709
9922
21014
10371
31468
9684
5412
13260
7159
14656
14718
25640
1773
1926
6001
3387
27435
17312
4835
19687
21089
26258
16020
12667
32240
10051
17572
4135
13207
9355
14422
8116
15695
30093
13587
11121
8307
5191
28338
29297
20516
22119
5878
1779
24300
26720
15448
16930
29601
32446
1543
8191
1421
12726
28974
6043
9163
14082
29557
17289
19444
28140
9930
28307
5116
29096
25185
22700
11094
9702
25849
18470
30559
29096
29794
15141
20217
7249
5692
19796
6518
255
17921
9686
21689
3099
19526
384
18071
14127
6973
11589
23939
30455
21631
1265
1131
20410
23560
18971
28125
986
7299
26452
6766
4267
24777
29605
7772
28033
26276
2617
27250
16653
3800
19030
7212
233
20068
5010
6428
12145
17669
21059
31116
11221
7420
28727
1637
18540
6161
15781
20048
6987
28120
26212
5658
15639
24371
18267
10333
27159
8984
14393
18525
14733
4244
7526
19504
24391
10768
22073
8738
11121
28116
23403
17751
15533
4041
8651
26034
6246
131
5428
18166
7520
25982
16316
6955
1172
26280
28975
23620
25660
29984
31420
26878
26922
28478
21229
26891
14941
17875
13789
15472
15062
1714
5541
31276
7592
28783
28439
16922
79
29542
22191
26136
32578
17407
20934
11881
30924
25137
20489
15704
29207
14917
22826
22046
21130
17117
17109
2822
26964
15412
742
5839
29001
29863
29145
25938
1774
13941
4481
3941
17615
17091
11261
19966
31257
32227
24297
10396
12132
12501
26321
25314
28113
1038
16107
28037
31829
6009
26885
24169
1876
23484
29116
13319
26226
4284
1263
26642
29862
3427
9843
5466
11920
13473
25352
13552
2828
15280
3468
13963
16903
9629
23663
30762
30097
6148
31591
24827
28980
27931
25957
9084
29572
9969
6855
27360
13816
10232
1999
30644
9976
21698
12116
28610
2615
776
28087
25910
29507
23024
26649
22783
20059
1935
31691
15480
27520
28589
16902
13896
16334
14281
31709
11911
20749
21597
31343
26146
32644
31588
22369
7552
8717
8216
4492
3685
10351
23552
25074
15639
14311
26922
23799
25792
30216
4534
13262
788
30150
14484
10801
18227
31437
24461
5205
26577
1815
20104
28957
9364
26301
16390
29838
30397
11789
14064
5763
13579
24030
24978
31137
11996
8736
11751
16014
662
24247
29463
5982
13125
32394
21566
12110
16774
14550
16495
15029
19363
16585
13305
17207
30975
4940
7912
1084
13493
22304
5327
27552
31612
812
10693
4781
16590
16149
8366
17222
12105
12816
20156
23908
18517
13300
22581
12487
9991
5268
10870
7909
27205
27979
22328
6439
2603
12504
13586
20308
7342
28012
26943
8781
19839
29954
16034
12028
3378
24559
28167
1415
15264
7610
15276
24777
20874
2093
3584
29186
19839
11436
25002
5325
26623
16326
16077
32595
21216
28426
5002
17087
2033
1308
6087
12274
27358
5128
7727
29815
16979
6613
30330
953
19556
21342
17647
8307
29229
12637
29479
6761
24245
9161
7699
5206
32025
12130
9537
26149
8678
394
16218
28515
25542
30294
14320
28149
26463
17637
14966
11526
8824
17904
20112
8260
23133
2211
27022
16204
24965
10667
14642
13666
22643
8337
3002
14694
30170
30534
31002
8707
6660
8191
12682
2602
12660
23874
5440
6591
10955
28737
31103
18066
1000
360
16080
8592
12883
30514
7312
1083
27356
12096
17834
12887
3199
19884
19110
17382
12939
5787
23779
27479
12804
1553
22304
27643
1605
6666
12097
21688
28905
710
13648
21249
20716
11620
17347
12805
29966
23730
17661
23079
28024
17476
12823
25775
8354
22979
28383
6079
10100
20616
10017
24200
13484
29545
4390
4541
2943
20691
14715
9288
18819
27930
15347
2109
1996
28428
3567
24588
5973
31436
15837
20474
23714
11998
19455
978
3748
30590
110
15575
23773
11318
25182
31742
16581
11183
13475
7258
32363
27080
7029
29144
6239
9189
20336
16428
15056
12169
478
7691
25074
5928
22073
6299
16290
31030
5356
11048
9293
23940
31578
24344
28430
29900
19745
10273
18710
30347
2720
20665
12369
4366
28855
2766
5447
8144
9677
30904
4160
7171
14360
17004
29099
31597
20760
2802
12736
29045
16997
23065
869
18046
20395
20073
3662
14707
23027
11097
5225
8099
20516
6082
1657
14032
2249
8340
19456
23938
26900
21448
16995
9633
32035
1941
14153
30019
25987
8679
25156
10691
15859
29709
8627
28947
24938
32433
32487
19795
12123
12814
15748
30370
13879
32349
31274
3892
26420
18576
7253
23972
14157
5955
8066
396
20873
3056
30612
22100
16001
31842
5237
30791
9500
16492
18688
8172
2206
2010
6431
18323
10209
19624
13104
20270
25057
13682
6318
4706
17279
31788
14861
9438
8830
11539
2533
10476
27090
20963
19283
29765
31514
23883
8093
30506
18795
27294
5908
6576
4431
9675
18751
860
21005
28559
14389
239
27691
4585
843
31875
2354
6351
11503
15319
12465
8991
30676
22760
11908
16344
8016
10433
11862
11146
28418
1171
12389
523
32183
10504
15237
14444
3982
8149
28776
29483
25435
26511
25116
3242
28490
19903
22485
24544
20677
12088
23533
11087
29591
4776
15401
8246
13393
20846
24382
29191
492
17067
5012
31259
17073
7324
15177
17317
86
39
31097
5093
8042
25267
17597
17054
9715
19005
753
30409
21845
4008
4667
7051
7029
6997
25416
8549
7967
20468
2265
24491
27557
6042
24703
10807
32713
18195
14498
28510
17373
19321
6088
29219
11049
22021
2324
29867
1165
31270
4621
26353
15976
29136
13730
28091
8632
31767
10346
21965
18562
2556
6704
18268
21364
11655
14510
19909
8905
32534
20377
1919
5741
27892
10718
4686
6497
10541
6188
1978
31842
10657
16562
7616
25541
28248
7210
16327
19622
533
17430
13270
27969
26926
30281
8195
29856
29338
29098
1071
28023
8012
4149
31728
18508
5055
16962
23759
20698
18387
20234
1204
4792
26839
32359
27806
28982
8679
4059
21399
30344
15992
8916
5608
7718
23345
29742
1161
7794
6397
5370
20699
30107
1630
32382
24729
15810
13060
10108
7692
3164
8606
32440
6271
24792
3056
28340
2291
26241
11557
20158
3860
3493
1639
25900
14955
16375
20910
24295
13268
13362
5845
24614
6963
9471
5875
4732
28003
28441
488
21525
1647
23215
10806
27709
5125
5130
11027
26913
3111
5999
13500
2778
31780
5191
29451
24487
17351
2941
16972
30074
4302
11560
9805
17591
11933
14698
14260
14392
32308
26775
31637
30356
10847
7834
22852
20641
27692
28053
8808
31031
29602
11208
24913
27191
18608
8372
24972
6860
14436
3456
9908
27377
8798
5275
17802
26676
14979
17571
21320
20409
4854
19078
24371
29057
580
3815
10864
22764
14814
17091
4632
24189
8397
8020
24463
1758
18081
23861
29457
21284
682
9928
31885
26195
4971
2517
14007
9253
21068
11379
22617
11527
20367
18732
12265
23397
27269
13916
7521
9767
14850
31962
24139
3196
22798
16858
24603
28374
27613
2066
3266
31030
28930
3100
17792
681
13023
16412
32762
1554
28000
10914
14732
6187
31721
11474
13536
32455
9100
29634
13760
19802
19840
6435
12072
10938
17870
14116
6048
9255
21070
29587
22472
12682
13778
17989
1845
20218
29601
32441
27515
20356
26407
19704
28043
19756
1002
20927
31040
23087
20928
31200
31540
22411
31040
10470
28888
5313
29814
30456
16068
7386
14299
1536
16715
21672
26499
12812
19283
20046
27801
8436
1891
30211
32521
30013
28414
31762
30588
10301
19504
8229
32137
20352
31078
16836
26153
20843
21379
23065
22124
19743
4655
17142
32363
14752
31346
28441
126
55
8067
30638
22703
5652
9690
8981
22638
22840
15500
18662
2694
13458
16600
14130
4943
20328
16381
32012
24869
19449
19279
15944
16666
22881
21130
29827
11240
7356
30822
16740
